
=== requests
predictor        prec  recall     F1      paired dF1 (cochange - this)  speaks  mean n
cochange        0.536   0.093  0.158                                     0.465     0.8
ranked@3        0.332   0.184  0.237      -0.080 [-0.109,-0.045]  WINS   0.909     2.7
ranked@5        0.272   0.244  0.258      -0.099 [-0.130,-0.065]  WINS   0.909     4.3
ranked@10       0.207   0.342  0.258      -0.098 [-0.136,-0.058]  WINS   0.909     7.9
hybrid@3        0.391   0.172  0.239      -0.081 [-0.098,-0.065]  WINS   0.909     2.1
hybrid@5        0.332   0.200  0.250      -0.091 [-0.110,-0.072]  WINS   0.909     2.9
topup@3         0.340   0.202  0.253      -0.095 [-0.116,-0.074]  WINS   0.909     2.8
topup@5         0.277   0.255  0.265      -0.106 [-0.132,-0.079]  WINS   0.909     4.4
frequency@3     0.122   0.076  0.094       +0.066 [+0.011,+0.124] ROSE   1.000     3.0
frequency@5     0.114   0.119  0.116       +0.044 [-0.015,+0.103]  tie   1.000     5.0
frequency@10    0.101   0.212  0.137       +0.024 [-0.045,+0.086]  tie   1.000    10.0

=== click
predictor        prec  recall     F1      paired dF1 (cochange - this)  speaks  mean n
cochange        0.548   0.105  0.177                                     0.515     1.0
ranked@3        0.353   0.198  0.254      -0.077 [-0.087,-0.066]  WINS   0.935     2.8
ranked@5        0.284   0.262  0.272      -0.095 [-0.109,-0.082]  WINS   0.935     4.6
ranked@10       0.206   0.370  0.265      -0.088 [-0.112,-0.060]  WINS   0.935     8.9
hybrid@3        0.377   0.166  0.231      -0.054 [-0.063,-0.044]  WINS   0.935     2.2
hybrid@5        0.320   0.191  0.239      -0.062 [-0.077,-0.048]  WINS   0.935     3.0
topup@3         0.353   0.207  0.261      -0.084 [-0.093,-0.075]  WINS   0.935     2.9
topup@5         0.284   0.265  0.274      -0.097 [-0.111,-0.083]  WINS   0.935     4.6
frequency@3     0.155   0.094  0.117       +0.060 [+0.037,+0.082] ROSE   1.000     3.0
frequency@5     0.132   0.133  0.132       +0.045 [+0.025,+0.065] ROSE   1.000     5.0
frequency@10    0.091   0.183  0.121       +0.056 [+0.034,+0.080] ROSE   1.000    10.0

=== tqdm
predictor        prec  recall     F1      paired dF1 (cochange - this)  speaks  mean n
cochange        0.492   0.082  0.141                                     0.481     0.7
ranked@3        0.293   0.202  0.239      -0.098 [-0.112,-0.083]  WINS   0.933     2.7
ranked@5        0.230   0.258  0.243      -0.101 [-0.120,-0.082]  WINS   0.933     4.5
ranked@10       0.165   0.351  0.225      -0.083 [-0.111,-0.054]  WINS   0.933     8.5
hybrid@3        0.338   0.168  0.224      -0.083 [-0.096,-0.070]  WINS   0.933     2.0
hybrid@5        0.285   0.197  0.233      -0.091 [-0.108,-0.076]  WINS   0.933     2.8
topup@3         0.290   0.205  0.240      -0.099 [-0.113,-0.085]  WINS   0.933     2.8
topup@5         0.229   0.259  0.243      -0.101 [-0.119,-0.082]  WINS   0.933     4.5
frequency@3     0.143   0.107  0.123       +0.018 [-0.003,+0.042]  tie   1.000     3.0
frequency@5     0.125   0.157  0.139       +0.002 [-0.021,+0.029]  tie   1.000     5.0
frequency@10    0.104   0.260  0.148       -0.007 [-0.037,+0.027]  tie   1.000    10.0

=== express
predictor        prec  recall     F1      paired dF1 (cochange - this)  speaks  mean n
cochange        0.736   0.220  0.339                                     0.807     0.9
ranked@3        0.348   0.310  0.328       +0.012 [-0.007,+0.041]  tie   0.938     2.8
ranked@5        0.248   0.360  0.293       +0.048 [+0.015,+0.093] ROSE   0.938     4.6
ranked@10       0.153   0.426  0.225       +0.117 [+0.070,+0.177] ROSE   0.938     8.7
hybrid@3        0.600   0.252  0.355      -0.015 [-0.023,-0.007]  WINS   0.938     1.3
hybrid@5        0.545   0.265  0.357      -0.017 [-0.028,-0.006]  WINS   0.938     1.5
topup@3         0.348   0.314  0.330       +0.010 [-0.011,+0.039]  tie   0.938     2.8
topup@5         0.248   0.361  0.294       +0.047 [+0.014,+0.092] ROSE   0.938     4.6
frequency@3     0.270   0.259  0.264       +0.076 [+0.048,+0.114] ROSE   1.000     3.0
frequency@5     0.180   0.287  0.221       +0.120 [+0.086,+0.168] ROSE   1.000     5.0
frequency@10    0.110   0.351  0.168       +0.174 [+0.131,+0.234] ROSE   1.000    10.0

=== zod
predictor        prec  recall     F1      paired dF1 (cochange - this)  speaks  mean n
cochange        0.622   0.111  0.188                                     0.542     0.9
ranked@3        0.392   0.187  0.253      -0.065 [-0.074,-0.055]  WINS   0.844     2.5
ranked@5        0.305   0.238  0.268      -0.079 [-0.093,-0.063]  WINS   0.844     4.1
ranked@10       0.209   0.310  0.250      -0.061 [-0.084,-0.038]  WINS   0.844     7.8
hybrid@3        0.462   0.159  0.237      -0.049 [-0.057,-0.041]  WINS   0.844     1.8
hybrid@5        0.401   0.177  0.246      -0.057 [-0.068,-0.046]  WINS   0.844     2.3
topup@3         0.391   0.190  0.255      -0.067 [-0.076,-0.057]  WINS   0.844     2.5
topup@5         0.305   0.238  0.268      -0.079 [-0.093,-0.063]  WINS   0.844     4.1
frequency@3     0.099   0.057  0.073       +0.116 [+0.098,+0.136] ROSE   1.000     3.0
frequency@5     0.085   0.081  0.083       +0.106 [+0.085,+0.128] ROSE   1.000     5.0
frequency@10    0.101   0.194  0.133       +0.056 [+0.032,+0.083] ROSE   1.000    10.0
